                                                                                                                                                                                                                                                                



                        1                         2                         3                         4                         5                         6                         7                         8                         9                        10                        11
                   M_star                    R_star                         l                      n_pg                       n_p                       n_g                 Re(omega)                 Im(omega)                    E_norm                       f_T                       f_g
  0.9999975357999999E+000   0.9999990000000000E+000                         2                         0                         0                         0   0.2191343343062687E+001   0.0000000000000000E+000   0.5534492992801446E-002   0.5000000000000000E+000  -0.6760106850286001E+001
  0.9999975357999999E+000   0.9999990000000000E+000                         3                         0                         0                         0   0.2435466058493397E+001   0.0000000000000000E+000   0.2607569337794629E-002   0.5000000000000000E+000  -0.7910451344732957E+001
  0.9999975357999999E+000   0.9999990000000000E+000                         4                         0                         0                         0   0.2624211911968865E+001   0.0000000000000000E+000   0.1576518900008240E-002   0.5000000000000000E+000  -0.8872821390136217E+001
  0.9999975357999999E+000   0.9999990000000000E+000                         5                         0                         0                         0   0.2792923877163802E+001   0.0000000000000000E+000   0.1056546001218297E-002   0.5000000000000000E+000  -0.9790539308505922E+001
  0.9999975357999999E+000   0.9999990000000000E+000                         6                         0                         0                         0   0.2949968366407862E+001   0.0000000000000000E+000   0.7548837118693546E-003   0.5000000000000000E+000  -0.1069469187708344E+002
  0.9999975357999999E+000   0.9999990000000000E+000                         7                         0                         0                         0   0.3098673668024754E+001   0.0000000000000000E+000   0.5647355415012793E-003   0.5000000000000000E+000  -0.1159563807379249E+002
  0.9999975357999999E+000   0.9999990000000000E+000                         8                         0                         0                         0   0.3240785655928474E+001   0.0000000000000000E+000   0.4376840653767290E-003   0.5000000000000000E+000  -0.1249758125637817E+002
  0.9999975357999999E+000   0.9999990000000000E+000                         9                         0                         0                         0   0.3377390120778585E+001   0.0000000000000000E+000   0.3489293521030304E-003   0.5000000000000000E+000  -0.1340240272693956E+002
  0.9999975357999999E+000   0.9999990000000000E+000                        10                         0                         0                         0   0.3509239590142875E+001   0.0000000000000000E+000   0.2846823740167138E-003   0.5000000000000000E+000  -0.1431096525164986E+002
